Some((
    red: 0.7137255,
    green: 0.09019607,
    blue: 0.29411763,
))