Some((
    red: 0.8901961,
    green: 0.8352941,
    blue: 0.77254903,
    alpha: 1.0,
))