Some((
    red: 0.47058824,
    green: 0.16078432,
    blue: 0.18039216,
))