Some((
    red: 0.09411765,
    green: 0.33333334,
    blue: 0.16078432,
))