Some((
    red: 0.12941177,
    green: 0.22352941,
    blue: 0.22352941,
))