Some((
    red: 0.3254902,
    green: 0.28235295,
    blue: 0.0,
))