Some((
    red: 0.9058823,
    green: 0.6117647,
    blue: 0.99607843,
))