Some((
    red: 0.16862746,
    green: 0.18039216,
    blue: 0.20392157,
    alpha: 1.0,
))