Some((
    red: 0.99215686,
    green: 0.6313726,
    blue: 0.627451,
))