Some((
    red: 0.46666667,
    green: 0.46666667,
    blue: 0.46666667,
))