Some((
    red: 0.57254905,
    green: 0.8117647,
    blue: 0.6117647,
))