Some((
    red: 0.7607843,
    green: 0.8117647,
    blue: 0.8862745,
))