Some((
    red: 0.96862745,
    green: 0.8784314,
    blue: 0.38431373,
))